time=0.2
dt=0.00025

x_particles=212
y_particles=212
x_squares=300
y_squares=300
square_in_grid_length=120

radius=50
kn=2474358.297
ks=190335.254
rho=0.00000078
thickness=30
v0=0
r0=50
