time=10
dt=0.00025
m=1000
n=3000
seed=7
kn=247435.8297
ks=19033.5254
rho=0.00000078
thickness=3
v0=-150
r0=50
