time=1
dt=0.000025
m=10
n=4
r=1
kn=247435.8297
ks=19033.5254
mass=0.0000735
v0=-7
