time=1
dt=0.00025

x_particles=5
y_particles=6
x_squares=6
y_squares=7
square_in_grid_length=120

radius=50
kn=247435.8297
ks=19033.5254
rho=0.00000078
thickness=3
v0=-15
r0=50
