time=10
dt=0.00025
x_limit=1000
y_limit=3000
radius=50
kn=247435.8297
ks=19033.5254
rho=0.00000078
thickness=3
v0=-150
r0=50
